2025-05-15T11:19:48.502732,24.47,31.92,1012.84,0,0
2025-05-15T11:19:50.489440,24.48,32.12,1012.84,0,0
2025-05-15T11:19:51.068632,24.52,32.03,1012.84,0,0
2025-05-15T11:19:52.516654,24.47,32.14,1012.78,400,0
2025-05-15T11:19:54.652585,24.57,32.06,1012.82,406,0
2025-05-15T11:19:54.669259,24.45,32.07,1012.82,406,0
2025-05-15T11:26:40.666494,24.05,33.21,1012.83,0,0
2025-05-15T11:26:42.617040,24.05,32.86,1012.87,0,0
2025-05-15T11:26:44.634779,24.06,32.83,1012.85,400,0
2025-05-15T11:26:46.630049,24.06,32.78,1012.88,406,0
2025-05-15T11:26:48.634693,24.11,32.53,1012.85,406,0
2025-05-15T11:26:48.843325,24.19,32.80,1012.88,406,0
2025-05-15T11:26:49.256760,24.17,32.73,1012.90,406,0
2025-05-15T11:26:51.083798,24.10,32.70,1012.86,416,2
2025-05-15T11:26:51.278073,24.19,32.71,1012.86,416,2
2025-05-15T11:26:53.066302,24.11,32.80,1012.86,454,8
2025-05-15T11:26:54.068527,24.11,32.65,1012.86,451,7
2025-05-15T11:26:55.062033,24.09,32.80,1012.81,454,8
2025-05-15T11:26:56.063029,24.12,32.83,1012.85,451,7
2025-05-15T11:26:57.063345,24.11,32.77,1012.82,442,6
2025-05-15T11:26:57.461391,24.17,32.59,1012.86,457,8
2025-05-15T11:26:59.053290,24.11,32.70,1012.84,457,8
2025-05-15T11:26:59.286195,24.21,32.65,1012.85,457,8
2025-05-15T11:27:01.063773,24.15,32.55,1012.84,454,8
2025-05-15T11:27:01.280414,24.24,32.56,1012.87,454,8
2025-05-15T11:27:03.063650,24.15,32.56,1012.84,438,5
2025-05-15T11:27:03.275748,24.24,32.74,1012.83,438,5
2025-05-15T11:27:03.936070,24.17,32.49,1012.86,400,0
2025-05-15T11:27:04.269255,24.24,32.74,1012.86,400,0
2025-05-15T11:27:05.051391,24.18,32.78,1012.86,426,3
2025-05-15T11:27:05.267803,24.28,32.67,1012.83,426,3
2025-05-15T11:27:06.028381,24.20,32.42,1012.85,426,3
2025-05-15T11:27:06.405518,24.23,32.63,1012.83,470,10
2025-05-15T11:27:07.035922,24.21,32.52,1012.84,470,10
2025-05-15T11:27:07.266911,24.28,32.68,1012.86,470,10
2025-05-15T11:27:08.433245,24.17,32.71,1012.86,470,10
2025-05-15T11:27:09.049829,24.20,32.78,1012.83,470,10
2025-05-15T11:27:09.297626,24.29,32.63,1012.85,476,11
2025-05-15T11:27:10.434387,24.23,32.65,1012.85,476,11
2025-05-15T11:27:11.045923,24.24,32.58,1012.85,476,11
2025-05-15T11:27:11.290912,24.31,32.66,1012.88,464,9
2025-05-15T11:27:12.427475,24.25,32.59,1012.85,491,13
2025-05-15T11:27:13.051229,24.27,32.40,1012.84,491,13
2025-05-15T11:27:13.296989,24.36,32.56,1012.91,452,7
2025-05-15T11:27:14.429665,24.26,32.37,1012.80,493,14
2025-05-15T11:27:15.047071,24.28,32.43,1012.84,493,14
2025-05-15T11:27:15.289256,24.37,32.60,1012.89,452,7
2025-05-15T11:27:16.450257,24.29,32.69,1012.88,498,14
2025-05-15T11:27:17.037032,24.29,32.49,1012.86,498,14
2025-05-15T11:27:17.297875,24.38,32.45,1012.82,462,9
2025-05-15T11:27:18.442139,24.27,32.60,1012.85,481,12
2025-05-15T11:27:19.050964,24.30,32.55,1012.84,481,12
2025-05-15T11:27:19.295772,24.39,32.49,1012.85,464,9
2025-05-15T11:27:20.471799,24.29,32.38,1012.87,493,14
2025-05-15T11:27:21.044055,24.32,32.26,1012.84,493,14
2025-05-15T11:27:21.287949,24.41,32.77,1012.88,448,7
2025-05-15T11:27:22.446406,24.31,32.37,1012.82,481,12
2025-05-15T11:27:23.040644,24.34,32.26,1012.87,481,12
2025-05-15T11:27:23.286623,24.44,32.54,1012.85,452,7
2025-05-15T11:27:24.452898,24.31,32.67,1012.89,464,9
2025-05-15T11:27:25.048201,24.33,32.57,1012.84,464,9
2025-05-15T11:27:25.297210,24.40,32.55,1012.82,464,9
2025-05-15T11:27:26.442962,24.31,32.41,1012.84,470,10
2025-05-15T11:27:27.042369,24.34,32.49,1012.83,470,10
2025-05-15T11:27:27.288787,24.41,32.54,1012.86,441,6
2025-05-15T11:27:29.055658,24.28,32.42,1012.87,470,10
2025-05-15T11:27:29.287233,24.38,32.29,1012.85,481,12
2025-05-15T11:27:30.443563,24.28,32.47,1012.82,481,12
2025-05-15T11:27:31.040043,24.31,32.54,1012.83,481,12
2025-05-15T11:27:31.285916,24.39,32.45,1012.83,486,13
2025-05-15T11:27:33.064151,24.29,32.63,1012.79,503,15
2025-05-15T11:27:33.280204,24.39,32.52,1012.85,503,15
2025-05-15T11:27:35.057812,24.26,32.70,1012.82,508,16
2025-05-15T11:27:35.273237,24.36,32.54,1012.83,508,16
2025-05-15T11:27:37.062254,24.25,32.48,1012.82,508,16
2025-05-15T11:27:37.278595,24.35,32.47,1012.81,508,16
2025-05-15T11:27:39.059090,24.24,32.48,1012.81,498,14
2025-05-15T11:27:39.275652,24.34,32.54,1012.81,498,14
2025-05-15T11:27:41.056951,24.21,32.46,1012.83,476,11
2025-05-15T11:27:41.274210,24.34,32.59,1012.85,476,11
2025-05-15T11:27:43.053229,24.24,32.58,1012.83,481,12
2025-05-15T11:27:43.284670,24.33,32.55,1012.86,481,12
2025-05-15T11:27:45.061565,24.23,32.50,1012.83,488,13
2025-05-15T11:27:45.280430,24.30,32.57,1012.86,488,13
2025-05-15T11:27:47.058200,24.23,32.38,1012.83,477,11
2025-05-15T11:27:47.271694,24.35,32.40,1012.86,477,11
2025-05-15T11:27:49.299562,24.22,32.51,1012.86,472,10
2025-05-15T11:27:51.058286,24.21,32.55,1012.83,472,10
2025-05-15T11:27:51.277029,24.31,32.50,1012.88,472,10
2025-05-15T11:27:53.295094,24.21,32.44,1012.88,481,12
2025-05-15T11:27:55.212935,24.21,32.35,1012.88,472,10
2025-05-15T11:27:55.487396,24.39,32.53,1012.89,472,10
2025-05-15T11:27:55.504092,24.33,32.54,1012.89,472,10
2025-05-15T11:27:57.282683,24.22,32.61,1012.87,472,10
2025-05-15T11:27:59.195266,24.22,32.42,1012.83,446,7
2025-05-15T11:27:59.326221,24.32,32.64,1012.89,446,7
2025-05-15T11:27:59.576905,24.36,32.51,1012.86,446,7
2025-05-15T11:28:01.287129,24.24,32.62,1012.84,477,11
2025-05-15T11:28:03.270351,24.35,32.53,1012.86,488,13
2025-05-15T11:28:03.347220,24.26,32.64,1012.90,488,13
2025-05-15T11:28:03.652719,24.38,32.66,1012.86,488,13
2025-05-15T11:28:04.429206,24.29,32.61,1012.89,460,9
2025-05-15T11:28:04.626565,24.41,32.48,1012.86,460,9
2025-05-15T11:28:04.832040,24.44,32.43,1012.90,444,6
2025-05-15T11:28:05.037446,24.46,32.40,1012.88,444,6
2025-05-15T11:28:05.303627,24.50,32.50,1012.91,444,6
2025-05-15T11:28:05.522763,24.56,32.69,1012.86,444,6
2025-05-15T11:28:05.599214,24.54,32.71,1012.90,444,6
2025-05-15T11:28:05.915524,24.48,32.36,1012.88,477,11
2025-05-15T11:28:06.207510,24.47,32.54,1012.90,477,11
2025-05-15T11:28:06.432967,24.50,32.67,1012.88,477,11
2025-05-15T11:28:06.654013,24.52,32.58,1012.90,477,11
2025-05-15T11:28:06.890559,24.50,32.35,1012.86,446,7
2025-05-15T11:28:07.262931,24.56,32.65,1012.84,446,7
2025-05-15T11:28:07.279633,24.53,32.36,1012.84,446,7
2025-05-15T11:28:08.420052,24.34,32.59,1012.87,515,17
2025-05-15T11:28:09.288165,24.35,32.49,1012.86,508,16
2025-05-15T11:28:10.452746,24.33,32.47,1012.83,488,13
2025-05-15T11:28:11.282079,24.33,32.41,1012.89,503,15
2025-05-15T11:28:12.454825,24.32,32.53,1012.85,508,16
2025-05-15T11:28:13.297517,24.33,32.33,1012.90,488,13
2025-05-15T11:28:14.446829,24.33,32.60,1012.86,495,14
2025-05-15T11:28:15.294353,24.34,32.24,1012.91,481,12
2025-05-15T11:28:16.430309,24.33,32.36,1012.86,503,15
2025-05-15T11:28:17.289294,24.35,32.51,1012.88,481,12
2025-05-15T11:28:18.447142,24.34,32.27,1012.87,498,14
2025-05-15T11:28:19.298641,24.34,32.33,1012.89,454,8
2025-05-15T11:28:20.434043,24.35,32.45,1012.86,498,14
2025-05-15T11:28:21.291737,24.35,32.46,1012.86,446,7
2025-05-15T11:28:22.444916,24.37,32.30,1012.87,495,14
2025-05-15T11:28:23.296021,24.36,32.30,1012.83,441,6
2025-05-15T11:28:24.453652,24.37,32.19,1012.86,481,12
2025-05-15T11:28:25.286647,24.38,32.26,1012.86,421,3
2025-05-15T11:28:26.441460,24.38,32.36,1012.85,481,12
2025-05-15T11:28:27.283897,24.38,32.35,1012.84,435,5
2025-05-15T11:28:28.462550,24.37,32.48,1012.85,477,11
2025-05-15T11:28:29.284791,24.40,32.45,1012.89,418,2
2025-05-15T11:28:30.435904,24.40,32.53,1012.86,477,11
2025-05-15T11:28:31.291756,24.42,32.51,1012.89,425,3
2025-05-15T11:28:32.448609,24.43,32.31,1012.87,456,8
2025-05-15T11:28:33.284305,24.45,32.20,1012.83,441,6
2025-05-15T11:28:34.464251,24.44,32.26,1012.86,441,8
2025-05-15T11:28:35.278215,24.44,32.08,1012.89,456,8
2025-05-15T11:28:36.446320,24.44,32.43,1012.87,456,8
2025-05-15T11:28:38.053839,24.42,32.41,1012.82,477,11
2025-05-15T11:28:38.457619,24.47,32.15,1012.90,446,7
2025-05-15T11:28:40.057540,24.43,32.31,1012.87,472,10
2025-05-15T11:28:40.453308,24.48,32.28,1012.86,454,8
2025-05-15T11:28:42.058356,24.46,32.25,1012.90,464,9
2025-05-15T11:28:42.461715,24.52,32.10,1012.89,444,6
2025-05-15T11:28:44.049061,24.48,32.07,1012.87,462,9
2025-05-15T11:28:44.433909,24.52,32.24,1012.86,444,6
2025-05-15T11:28:46.057853,24.46,32.28,1012.89,442,6
2025-05-15T11:28:46.443033,24.51,32.10,1012.85,447,7
2025-05-15T11:28:48.055118,24.44,32.22,1012.90,457,8
2025-05-15T11:28:48.441693,24.51,32.19,1012.89,442,6
2025-05-15T11:28:50.062557,24.44,32.14,1012.90,462,9
2025-05-15T11:28:50.442944,24.49,32.04,1012.91,465,9
2025-05-15T11:28:51.051109,24.46,32.39,1012.89,465,9
2025-05-15T11:28:52.053734,24.44,32.24,1012.91,465,9
2025-05-15T11:28:52.447429,24.50,32.51,1012.89,462,9
2025-05-15T11:28:54.056622,24.43,32.43,1012.88,481,12
2025-05-15T11:28:54.454792,24.46,32.49,1012.90,457,8
2025-05-15T11:28:56.060493,24.39,32.30,1012.89,505,15
2025-05-15T11:28:56.450347,24.47,32.51,1012.87,465,9
2025-05-15T11:28:58.047097,24.38,32.63,1012.85,495,14
2025-05-15T11:28:58.458374,24.44,32.63,1012.88,465,9
2025-05-15T11:29:00.051012,24.37,32.47,1012.87,523,18
2025-05-15T11:29:00.462786,24.42,32.80,1012.86,462,9
2025-05-15T11:29:02.056109,24.33,32.70,1012.85,523,18
2025-05-15T11:29:02.463460,24.39,32.83,1012.86,491,13
2025-05-15T11:29:04.054009,24.34,32.74,1012.88,523,18
2025-05-15T11:29:04.449813,24.38,32.83,1012.87,470,10
2025-05-15T11:29:06.058285,24.32,32.72,1012.85,530,19
2025-05-15T11:29:06.469680,24.38,32.67,1012.86,470,10
2025-05-15T11:29:08.052870,24.35,32.72,1012.88,530,19
2025-05-15T11:29:08.456752,24.41,32.79,1012.89,476,11
2025-05-15T11:29:10.056550,24.37,32.69,1012.89,497,14
2025-05-15T11:29:12.055753,24.36,32.22,1012.87,476,11
2025-05-15T11:29:14.071306,24.38,32.55,1012.87,465,5
2025-05-15T11:29:16.055076,24.37,32.32,1012.90,462,9
2025-05-15T11:29:18.054819,24.39,32.28,1012.83,462,9
2025-05-15T11:29:20.046313,24.39,32.29,1012.87,457,8
2025-05-15T11:29:22.053951,24.42,32.15,1012.88,457,8
2025-05-15T11:29:24.058342,24.43,32.32,1012.91,434,5
2025-05-15T11:29:26.048831,24.41,32.03,1012.90,452,7
2025-05-15T11:29:28.063875,24.42,32.17,1012.85,442,6
2025-05-15T11:29:30.050259,24.42,32.22,1012.87,462,9
2025-05-15T11:29:32.059168,24.44,32.18,1012.86,462,9
2025-05-15T11:29:34.056548,24.44,32.19,1012.92,442,6
2025-05-15T11:29:51.078673,24.50,32.13,1012.89,439,5
2025-05-15T11:29:51.212031,24.58,32.04,1012.84,439,5
2025-05-15T11:30:51.072873,24.42,32.74,1012.88,466,10
2025-05-15T11:30:51.203888,24.52,32.76,1012.86,466,10
2025-05-15T11:31:51.073112,24.61,32.35,1012.83,446,7
2025-05-15T11:31:51.204592,24.71,32.22,1012.87,446,7
2025-05-15T11:32:51.078785,24.57,32.09,1012.85,410,1
2025-05-15T11:32:51.213776,24.65,32.30,1012.87,410,1
2025-05-15T11:33:51.068654,24.59,32.15,1012.89,418,2
2025-05-15T11:33:51.200272,24.68,32.16,1012.91,418,2
2025-05-15T11:34:51.074317,24.32,32.44,1012.93,476,11
2025-05-15T11:34:51.208924,24.42,32.48,1012.93,476,11
2025-05-15T11:35:51.066660,24.35,32.64,1012.88,537,20
2025-05-15T11:35:51.200323,24.44,32.43,1012.95,537,20
2025-05-15T11:36:51.064649,24.39,32.29,1013.00,470,10
2025-05-15T11:36:51.195682,24.52,32.33,1013.00,470,10
2025-05-15T11:29:21.490400,23.47,33.84,1012.94,423,3
2025-05-15T11:39:37.167563,23.43,33.95,1012.97,445,6
2025-05-15T11:39:39.178165,23.42,34.01,1012.99,445,6
2025-05-15T11:39:41.176437,23.43,33.93,1012.94,445,6
2025-05-15T11:39:43.186684,23.42,33.96,1012.99,460,9
2025-05-15T11:39:45.176730,23.40,34.15,1012.97,477,11
2025-05-15T11:39:47.175594,23.40,34.15,1012.99,481,12
2025-05-15T11:39:49.186842,23.40,34.14,1012.96,485,12
2025-05-15T11:39:51.160566,23.46,34.09,1013.00,481,12
2025-05-15T11:39:51.285533,23.62,34.00,1012.99,481,12
2025-05-15T11:39:51.361972,23.56,34.26,1012.98,481,12
2025-05-15T11:39:53.197278,23.45,33.92,1012.97,427,4
2025-05-15T11:39:55.176695,23.48,34.02,1012.98,400,0
2025-05-15T11:39:57.198058,23.49,33.94,1012.96,414,2
2025-05-15T11:39:59.169589,23.50,33.88,1012.98,424,3
2025-05-15T11:40:01.197627,23.51,33.89,1013.00,414,2
2025-05-15T11:40:03.202703,23.55,33.91,1012.98,422,3
2025-05-15T11:40:05.189990,23.61,33.72,1012.97,417,2
2025-05-15T11:40:07.189699,23.66,33.87,1012.97,434,5
2025-05-15T11:40:09.203544,23.67,33.83,1012.97,448,7
2025-05-15T11:40:11.178650,23.69,33.76,1012.95,448,7
2025-05-15T11:40:13.207665,23.70,33.60,1012.98,441,6
2025-05-15T11:40:15.193132,23.70,33.62,1012.97,450,7
2025-05-15T11:40:17.193090,23.73,33.60,1012.97,432,4
2025-05-15T11:40:19.222969,23.75,33.54,1012.95,441,6
2025-05-15T11:40:21.187851,23.78,33.69,1012.98,454,8
2025-05-15T11:40:23.189868,23.80,33.49,1012.95,470,10
2025-05-15T11:40:25.184979,23.86,33.49,1012.95,482,12
2025-05-15T11:40:27.199449,23.88,33.35,1012.94,461,9
2025-05-15T11:40:29.157603,23.88,33.62,1012.97,450,7
2025-05-15T11:40:31.191950,23.89,33.47,1012.97,456,8
2025-05-15T11:40:33.174019,23.91,33.26,1012.94,454,8
2025-05-15T11:40:35.194398,23.93,33.26,1013.02,456,8
2025-05-15T11:40:37.173193,23.95,33.22,1012.97,461,9
2025-05-15T11:40:39.191271,23.95,33.49,1012.97,456,8
2025-05-15T11:40:41.198639,23.96,33.32,1012.99,450,7
2025-05-15T11:40:43.173578,23.98,33.46,1012.97,441,6
2025-05-15T11:40:45.199206,24.01,33.06,1012.99,421,3
2025-05-15T11:40:47.176452,24.04,33.11,1012.98,402,0
2025-05-15T11:40:49.199009,24.06,33.11,1013.02,400,0
2025-05-15T11:40:51.322976,24.18,33.09,1012.97,418,2
2025-05-15T11:40:51.339763,24.26,33.00,1012.97,418,2
2025-05-15T11:40:51.356504,24.09,32.96,1012.97,418,2
2025-05-15T11:40:53.186590,24.09,32.94,1013.00,414,2
2025-05-15T11:40:55.176582,24.11,32.99,1013.03,414,2
2025-05-15T11:40:57.194820,24.13,32.97,1013.02,457,8
2025-05-15T11:40:59.190682,24.14,33.01,1013.01,482,12
2025-05-15T11:41:01.174932,24.17,33.13,1013.02,503,15
2025-05-15T11:41:03.186617,24.12,33.16,1012.99,498,14
2025-05-15T11:41:05.181382,23.97,33.15,1012.98,464,9
2025-05-15T11:41:07.203805,23.84,33.28,1013.00,452,3
2025-05-15T11:41:09.194356,23.80,33.49,1012.99,457,8
2025-05-15T11:41:11.186989,23.73,33.49,1012.99,477,11
2025-05-15T11:41:13.192018,23.70,33.69,1012.98,478,11
2025-05-15T11:41:15.183982,23.65,33.57,1012.99,495,14
2025-05-15T11:41:17.184772,23.65,33.83,1013.01,478,11
2025-05-15T11:41:19.187522,23.62,33.88,1012.96,473,11
2025-05-15T11:41:21.190297,23.62,33.92,1013.00,505,15
2025-05-15T11:41:23.189277,23.60,33.95,1013.00,505,15
2025-05-15T11:41:25.207799,23.62,33.84,1013.00,500,15
2025-05-15T11:41:27.185155,23.64,33.87,1012.98,520,18
2025-05-15T11:41:29.176819,23.63,33.76,1012.98,520,18
2025-05-15T11:41:31.190569,23.65,33.71,1012.96,515,17
2025-05-15T11:41:33.170127,23.67,33.61,1012.96,451,7
2025-05-15T11:41:35.181795,23.70,33.42,1012.99,420,3
2025-05-15T11:41:37.174525,23.70,33.58,1012.95,410,1
2025-05-15T11:41:39.183457,23.72,33.53,1013.02,456,8
2025-05-15T11:41:41.184872,23.76,33.37,1013.02,473,11
2025-05-15T11:41:43.184077,23.80,33.56,1013.02,486,13
2025-05-15T11:41:45.169697,23.83,33.30,1012.99,473,11
2025-05-15T11:41:47.187301,23.83,33.41,1013.01,448,7
2025-05-15T11:41:49.149604,23.85,33.36,1013.00,444,6
2025-05-15T11:41:51.200998,23.92,33.25,1013.00,444,6
2025-05-15T11:41:51.274520,24.05,33.24,1012.98,444,6
2025-05-15T11:41:51.350928,24.02,33.35,1013.00,444,6
2025-05-15T11:41:53.275577,23.90,33.43,1013.02,515,17
2025-05-15T11:41:55.157622,23.91,33.31,1012.98,486,13
2025-05-15T11:41:57.180285,23.92,33.28,1012.99,526,19
2025-05-15T11:41:59.183536,23.93,33.20,1013.02,515,17
2025-05-15T11:42:01.187536,23.92,33.23,1013.02,465,9
2025-05-15T11:42:03.187084,23.95,33.05,1013.03,463,9
2025-05-15T11:42:05.188908,23.94,33.24,1013.02,448,7
2025-05-15T11:42:07.187343,23.95,33.14,1013.04,414,2
2025-05-15T11:42:09.199023,23.95,33.01,1012.62,434,5
2025-05-15T11:42:11.173969,23.98,33.01,1012.96,444,6
2025-05-15T11:42:13.189065,23.99,33.21,1013.02,423,3
2025-05-15T11:42:15.183778,24.03,32.89,1013.02,459,8
2025-05-15T11:42:17.202555,24.02,33.19,1013.01,436,5
2025-05-15T11:42:19.187936,24.04,33.04,1013.00,432,4
2025-05-15T11:42:21.189811,24.08,32.86,1012.98,432,4
2025-05-15T11:42:23.190193,24.06,32.94,1013.00,421,3
2025-05-15T11:42:25.186663,24.08,32.97,1013.01,421,3
2025-05-15T11:42:27.187914,24.07,32.98,1013.00,439,5
2025-05-15T11:42:29.252324,24.10,32.85,1013.00,432,4
2025-05-15T11:42:31.188785,24.12,32.97,1013.02,443,6
2025-05-15T11:42:33.190812,24.11,32.73,1013.00,426,3
2025-05-15T11:42:35.169408,24.14,32.73,1013.00,442,6
2025-05-15T11:42:37.189949,24.16,32.90,1012.99,483,12
2025-05-15T11:42:39.188635,24.19,32.85,1013.01,476,11
2025-05-15T11:42:41.188587,24.21,32.85,1013.02,470,10
2025-05-15T11:42:43.175715,24.21,32.73,1013.01,470,10
2025-05-15T11:42:45.194633,24.20,32.88,1013.00,483,12
2025-05-15T11:42:47.187791,24.21,32.82,1012.97,461,9
2025-05-15T11:42:49.187735,24.24,32.63,1012.99,461,9
2025-05-15T11:42:51.091592,24.29,32.72,1013.05,454,8
2025-05-15T11:42:51.215745,24.43,32.59,1013.04,454,3
2025-05-15T11:42:51.346695,24.47,32.79,1013.04,454,8
2025-05-15T11:42:53.162737,24.27,32.59,1013.01,454,8
2025-05-15T11:42:55.229821,24.29,32.57,1013.01,446,7
2025-05-15T11:42:57.173174,24.32,32.74,1013.01,434,5
2025-05-15T11:42:59.174337,24.30,32.56,1013.00,446,7
2025-05-15T11:43:01.186201,24.33,32.63,1013.01,461,9
2025-05-15T11:43:03.186501,24.32,32.73,1013.01,454,8
2025-05-15T11:43:05.147517,24.29,32.64,1013.05,448,7
2025-05-15T11:43:07.193568,24.26,32.68,1013.00,483,12
2025-05-15T11:43:09.189176,24.25,32.88,1013.02,483,12
2025-05-15T11:43:11.185560,24.26,32.74,1013.00,483,12
2025-05-15T11:43:13.204195,24.26,32.96,1013.04,460,9
2025-05-15T11:43:15.193893,24.26,33.13,1013.02,487,13
2025-05-15T11:43:17.186835,24.25,33.13,1013.02,487,13
2025-05-15T11:43:19.171102,24.27,32.77,1012.98,475,11
2025-05-15T11:43:21.197918,24.27,32.79,1013.00,460,9
2025-05-15T11:43:23.199897,24.26,32.87,1013.01,452,7
2025-05-15T11:43:25.160835,24.23,32.61,1012.99,452,7
2025-05-15T11:43:27.181980,24.24,32.68,1013.03,445,6
2025-05-15T11:43:29.158619,24.24,32.58,1013.00,452,7
2025-05-15T11:43:31.192124,24.25,32.89,1013.03,433,5
2025-05-15T11:43:33.167530,24.24,32.78,1013.00,441,6
2025-05-15T11:43:35.194851,24.24,32.76,1013.02,424,3
2025-05-15T11:43:37.154535,24.25,32.68,1013.00,422,3
2025-05-15T11:43:39.270269,24.26,32.63,1013.01,424,3
2025-05-15T11:43:41.174182,24.28,32.48,1013.03,438,5
2025-05-15T11:43:43.189794,24.29,32.47,1013.02,422,3
2025-05-15T11:43:45.192900,24.32,32.72,1012.99,438,5
2025-05-15T11:43:47.190215,24.33,32.55,1013.03,417,2
2025-05-15T11:43:49.193253,24.32,32.89,1013.04,1581,229
2025-05-15T11:43:51.210046,24.51,32.55,1013.05,1324,140
2025-05-15T11:43:51.282930,24.47,32.72,1013.05,1324,140
2025-05-15T11:43:51.359358,24.40,32.77,1013.07,1324,140
2025-05-15T11:43:53.162027,24.38,32.58,1013.04,1389,150
2025-05-15T11:43:55.195551,24.37,32.58,1013.02,1032,96
2025-05-15T11:43:57.184806,24.39,32.69,1013.09,1404,152
2025-05-15T11:43:59.166152,24.40,32.57,1013.03,1585,232
2025-05-15T11:44:01.187128,24.41,32.80,1013.04,1962,683
2025-05-15T11:44:03.188062,24.43,32.79,1013.06,1597,242
2025-05-15T11:44:05.203696,24.44,32.85,1013.05,840,67
2025-05-15T11:44:07.178439,24.45,32.53,1013.03,611,32
2025-05-15T11:44:09.194453,24.49,32.51,1013.05,611,32
2025-05-15T11:44:11.177047,24.50,32.45,1013.05,575,26
2025-05-15T11:44:13.208089,24.50,32.57,1013.02,529,19
2025-05-15T11:44:15.183795,24.49,32.58,1013.08,485,12
2025-05-15T11:44:17.194991,24.48,32.58,1013.06,420,3
2025-05-15T11:44:19.179888,24.49,32.34,1013.04,400,0
2025-05-15T11:44:21.184288,24.49,32.31,1013.06,403,0
2025-05-15T11:44:23.179356,24.49,32.46,1013.04,422,3
2025-05-15T11:44:25.186983,24.49,32.34,1013.03,503,15
2025-05-15T11:44:27.188369,24.50,32.37,1013.03,699,45
2025-05-15T11:44:29.189124,24.51,32.45,1013.04,872,71
2025-05-15T11:44:31.188809,24.50,32.41,1013.02,891,74
2025-05-15T11:44:33.167422,24.52,32.40,1013.03,1140,112
2025-05-15T11:44:35.188920,24.52,32.51,1013.04,945,83
2025-05-15T11:44:37.174549,24.53,32.26,1013.02,956,84
2025-05-15T11:44:51.055917,24.58,32.44,1013.05,992,90
2025-05-15T11:44:51.186834,24.68,32.45,1013.01,945,83
2025-05-15T11:45:17.458038,24.57,32.27,1013.05,451,7
2025-05-15T11:45:17.688232,24.66,32.09,1013.02,451,7
2025-05-15T11:45:18.024044,24.67,32.28,1013.06,451,7
2025-05-15T11:45:18.316666,24.71,32.27,1013.04,451,7
2025-05-15T11:45:18.629595,24.72,32.08,1013.01,451,7
2025-05-15T11:45:18.951920,24.73,32.18,1013.03,463,9
2025-05-15T11:45:19.189760,24.76,32.44,1013.01,463,9
2025-05-15T11:45:19.443385,24.78,32.16,1013.07,463,9
2025-05-15T11:45:19.697584,24.78,32.18,1013.04,463,9
2025-05-15T11:45:20.159431,24.69,32.47,1013.01,495,14
2025-05-15T11:45:22.176567,24.62,32.21,1012.97,520,18
2025-05-15T11:45:24.198746,24.59,32.28,1013.01,495,14
2025-05-15T11:45:26.196109,24.60,32.20,1013.00,465,9
2025-05-15T11:45:28.194617,24.60,32.32,1013.04,451,7
2025-05-15T11:45:30.199068,24.58,32.25,1013.07,451,7
2025-05-15T11:45:32.192500,24.56,32.20,1013.07,451,7
2025-05-15T11:45:37.708791,24.58,32.21,1013.07,533,20
2025-05-15T11:45:37.922587,24.68,32.32,1013.07,533,20
2025-05-15T11:45:38.208797,24.71,32.34,1013.06,533,20
2025-05-15T11:45:40.155418,24.60,32.24,1013.05,556,23
2025-05-15T11:45:42.162327,24.56,32.38,1013.09,533,20
2025-05-15T11:45:44.173324,24.54,32.41,1013.06,533,20
2025-05-15T11:45:46.180349,24.46,32.35,1013.06,500,15
2025-05-15T11:45:48.185956,24.35,32.40,1013.01,423,3
2025-05-15T11:45:50.178709,24.34,32.29,1013.00,456,8
2025-05-15T11:45:51.049506,24.40,32.55,1013.05,448,7
2025-05-15T11:45:51.180779,24.47,32.58,1013.05,448,7
2025-05-15T11:45:52.180037,24.34,32.62,1013.04,473,11
2025-05-15T11:45:54.191608,24.28,32.68,1013.02,463,9
2025-05-15T11:45:56.181299,24.25,32.41,1013.04,448,7
2025-05-15T11:45:58.203159,24.20,32.65,1013.08,456,8
2025-05-15T11:46:00.199332,24.21,32.68,1013.02,463,9
2025-05-15T11:46:02.193261,24.22,32.68,1013.04,463,9
2025-05-15T11:46:04.217868,24.21,32.56,1013.06,473,11
2025-05-15T11:46:06.206416,24.22,32.60,1013.05,473,11
2025-05-15T11:46:08.191035,24.23,32.66,1013.04,486,13
2025-05-15T11:46:10.178209,24.25,32.56,1013.12,478,11
2025-05-15T11:46:12.166441,24.25,32.71,1013.09,459,8
2025-05-15T11:46:17.708815,24.25,32.59,1013.02,454,8
2025-05-15T11:46:18.005156,24.32,32.69,1013.07,454,8
2025-05-15T11:46:18.225760,24.40,32.72,1013.07,473,11
2025-05-16T09:41:02.896572,24.06,30.76,1015.30,460,9
2025-05-16T09:41:04.910266,24.06,30.97,1015.32,460,9
2025-05-16T09:41:06.905887,24.02,33.80,1015.24,486,13
2025-05-16T09:41:08.918194,23.97,32.74,1015.26,787,58
2025-05-16T09:41:10.909089,24.02,32.22,1015.23,640,36
2025-05-16T09:41:12.913220,24.01,31.75,1015.28,584,28
2025-05-16T09:41:14.918896,23.99,31.59,1015.22,514,17
2025-05-16T09:41:16.908164,24.00,31.35,1015.26,500,15
2025-05-16T09:41:18.912970,23.99,31.08,1015.29,486,13
2025-05-16T09:41:20.916308,23.99,31.29,1015.26,486,13
2025-05-16T09:41:22.916233,23.98,31.24,1015.28,464,9
2025-05-16T09:41:24.917594,23.98,30.85,1015.25,481,12
2025-05-16T09:41:26.912731,23.98,31.02,1015.26,472,10
2025-05-16T09:41:28.904676,24.00,31.22,1015.27,488,13
2025-05-16T09:41:30.913813,23.98,31.74,1015.28,545,22
2025-05-16T09:41:32.905562,24.02,31.68,1015.31,574,26
2025-05-16T09:41:34.920216,24.02,31.59,1015.28,600,30
2025-05-16T09:41:36.912505,24.04,31.53,1015.31,618,33
2025-05-16T09:41:38.913011,24.05,31.69,1015.31,599,30
2025-05-16T09:41:40.902561,24.07,31.57,1015.36,564,24
2025-05-16T09:41:42.903792,24.07,31.36,1015.31,578,27
2025-05-16T09:41:44.900859,24.06,31.39,1015.32,555,23
2025-05-16T09:41:46.918462,24.08,31.32,1015.33,683,14
2025-05-16T09:41:48.904768,24.10,31.23,1015.28,464,9
2025-05-16T09:41:50.904519,24.11,31.15,1015.27,433,5
2025-05-16T09:41:52.918607,24.14,30.92,1015.28,424,3
2025-05-16T09:41:54.906753,24.18,30.65,1015.29,424,3
2025-05-16T09:41:56.912255,24.14,30.95,1015.29,407,1
2025-05-16T09:41:58.914452,24.18,30.68,1015.27,417,2
2025-05-16T09:42:00.901928,24.19,30.70,1015.28,424,3
2025-05-16T09:42:03.537353,24.19,30.80,1015.30,415,2
2025-05-16T09:42:05.532685,24.20,30.71,1015.28,424,3
2025-05-16T09:42:07.529759,24.20,30.48,1015.30,436,5
2025-05-16T09:42:09.538306,24.21,30.69,1015.32,448,7
2025-05-16T09:42:11.530242,24.19,30.95,1015.33,461,9
2025-05-16T09:42:13.522131,24.18,30.71,1015.35,456,8
2025-05-16T09:42:15.529055,24.25,30.63,1015.31,456,8
2025-05-16T09:42:16.909428,24.25,30.61,1015.31,456,8
2025-05-16T09:42:18.910586,24.27,30.75,1015.33,456,8
2025-05-16T09:42:20.914717,24.31,30.80,1015.32,444,6
2025-05-16T09:42:22.906708,24.30,30.56,1015.27,410,1
2025-05-16T09:42:24.901402,24.33,30.51,1015.33,436,5
2025-05-16T09:42:26.907961,24.35,30.28,1015.33,434,5
2025-05-16T09:42:28.912125,24.33,30.50,1015.34,434,5
2025-05-16T09:42:30.912951,24.35,30.52,1015.28,420,3
2025-05-16T09:42:32.909312,24.37,30.30,1015.31,418,2
2025-05-16T09:42:34.904033,24.35,30.28,1015.32,427,4
2025-05-16T09:42:36.912382,24.33,30.63,1015.26,423,3
2025-05-16T09:42:38.904917,24.34,30.65,1015.31,416,2
2025-05-16T09:42:40.917168,24.37,30.50,1015.29,428,4
2025-05-16T09:42:42.904474,24.35,30.46,1015.29,435,5
2025-05-16T09:42:44.916963,24.28,30.82,1015.31,438,5
2025-05-16T09:42:46.917741,24.25,30.69,1015.31,462,9
2025-05-16T09:42:48.909611,24.21,30.86,1015.31,462,9
2025-05-16T09:42:50.901140,24.23,30.98,1015.31,473,11
2025-05-16T09:42:52.912996,24.23,31.03,1015.30,466,10
2025-05-16T09:42:54.910498,24.19,30.82,1015.30,452,7
2025-05-16T09:42:56.919774,24.15,31.01,1015.33,462,9
2025-05-16T09:42:58.903665,24.11,30.88,1015.34,462,9
2025-05-16T09:43:00.906323,24.08,31.02,1015.29,457,8
2025-05-16T09:43:02.913371,24.06,30.97,1015.31,445,6
2025-05-16T09:43:04.907206,24.06,30.80,1015.30,438,5
2025-05-16T09:43:06.897792,24.06,30.97,1015.31,416,2
2025-05-16T09:43:08.907000,24.05,30.95,1015.32,428,4
2025-05-16T09:43:10.916007,24.03,30.93,1015.29,428,4
2025-05-16T09:43:12.908981,23.99,30.82,1015.30,417,2
2025-05-16T09:43:14.911250,24.02,30.55,1015.30,444,6
2025-05-16T09:43:16.913725,23.99,30.53,1015.25,425,3
2025-05-16T09:43:18.911230,23.99,30.70,1015.27,435,5
2025-05-16T09:43:20.915594,23.99,30.47,1015.28,461,9
2025-05-16T09:43:22.902052,23.97,30.53,1015.26,454,8
2025-05-16T09:43:24.907069,23.96,30.52,1015.28,444,6
2025-05-16T09:43:26.905722,23.95,30.63,1015.29,441,6
2025-05-16T09:43:28.905827,23.96,30.41,1015.27,448,7
2025-05-16T09:43:30.911681,23.96,30.27,1015.28,455,8
2025-05-16T09:43:32.916019,23.99,30.47,1015.26,448,7
2025-05-16T09:43:34.904180,23.95,30.39,1015.29,459,8
2025-05-16T09:43:36.904012,23.93,30.56,1015.25,459,8
2025-05-16T09:43:38.905977,23.91,30.56,1015.26,462,9
2025-05-16T09:43:40.909627,23.91,30.69,1015.24,475,11
2025-05-16T09:43:42.912524,23.94,30.69,1015.25,456,8
2025-05-16T09:43:44.904779,23.96,30.52,1015.29,470,10
2025-05-16T09:43:46.906279,23.95,30.52,1015.29,470,10
2025-05-16T09:43:48.911499,23.97,30.80,1015.25,480,12
2025-05-16T09:43:50.909040,23.97,30.50,1015.26,488,13
2025-05-16T09:43:52.906691,23.99,30.73,1015.31,483,12
2025-05-16T09:43:54.911969,24.01,30.54,1015.32,470,10
2025-05-16T09:43:56.904768,24.01,30.40,1015.33,456,8
2025-05-16T09:43:58.905115,24.01,30.37,1015.30,483,12
2025-05-16T09:44:00.904190,24.01,30.44,1015.35,451,7
2025-05-16T09:44:02.920208,23.99,30.44,1015.32,413,1
2025-05-16T09:44:04.904260,23.99,30.19,1015.30,433,5
2025-05-16T09:44:06.906983,24.02,30.34,1015.32,433,5
2025-05-16T09:44:08.915290,24.02,30.19,1015.31,416,2
2025-05-16T09:44:10.902729,24.04,30.29,1015.36,427,4
2025-05-16T09:44:12.914101,24.04,30.22,1015.34,400,0
2025-05-16T09:44:14.896017,24.02,30.35,1015.32,418,2
2025-05-16T09:44:16.897327,24.02,30.27,1015.33,418,2
2025-05-16T09:44:18.903477,24.02,30.11,1015.32,418,2
2025-05-16T09:44:20.903348,24.01,30.16,1015.34,413,1
2025-05-16T09:44:22.916191,24.00,30.37,1015.36,408,1
2025-05-16T09:44:24.905714,24.00,30.41,1015.30,413,1
2025-05-16T09:44:26.912388,23.98,30.19,1015.33,413,1
2025-05-16T09:44:28.904739,24.01,30.26,1015.37,416,2
2025-05-16T09:44:30.913120,23.99,30.37,1015.32,427,4
2025-05-16T09:44:32.902430,24.00,30.37,1015.34,427,4
2025-05-16T09:44:34.907291,24.02,30.20,1015.32,423,3
2025-05-16T09:44:36.911227,24.05,30.28,1015.36,400,0
2025-05-16T09:44:38.914247,24.04,30.21,1015.32,424,3
2025-05-16T09:44:40.914937,24.05,30.20,1015.33,424,3
2025-05-16T09:44:42.909929,24.04,30.44,1015.30,420,3
2025-05-16T09:44:44.904109,24.06,30.23,1015.31,424,3
2025-05-16T09:44:46.905129,24.07,30.16,1015.34,427,4
2025-05-16T09:44:48.911782,24.07,30.21,1015.34,427,4
2025-05-16T09:44:50.910964,24.09,30.37,1015.34,409,1
2025-05-16T09:44:52.909836,24.10,30.25,1015.35,438,5
2025-05-16T09:44:54.908944,24.08,30.18,1015.34,415,2
2025-05-16T09:44:56.910721,24.10,30.15,1015.34,415,2
2025-05-16T09:44:58.910646,24.06,30.09,1015.30,443,6
2025-05-16T09:45:00.915588,24.03,29.94,1015.32,422,3
2025-05-16T09:45:02.919925,24.07,30.25,1015.38,426,3
2025-05-16T09:45:04.897506,24.03,30.17,1015.46,555,23
2025-05-16T09:45:06.905277,23.96,30.34,1015.36,400,0
2025-05-16T09:45:08.901502,23.86,30.40,1015.44,588,28
2025-05-16T09:45:10.910254,23.84,30.56,1015.48,520,18
2025-05-16T09:45:12.905140,23.74,30.51,1015.36,411,1
2025-05-16T09:45:14.905952,23.79,30.57,1015.47,400,0
2025-05-16T09:45:16.904829,23.73,30.64,1015.51,482,12
2025-05-16T09:45:18.905768,23.71,30.68,1015.49,488,13
2025-05-16T09:45:20.901476,23.65,30.85,1015.50,855,69
2025-05-16T09:45:22.904837,23.55,30.95,1015.48,1131,111
2025-05-16T09:45:24.902327,23.58,30.92,1015.49,1083,104
2025-05-16T09:45:26.899746,23.55,30.94,1015.49,972,87
2025-05-16T09:45:28.899820,23.54,31.04,1015.50,1140,112
2025-05-16T09:45:30.899952,23.53,31.17,1015.54,1140,112
2025-05-16T09:45:32.901394,23.51,31.06,1015.45,1153,114
2025-05-16T09:45:34.907982,23.51,31.03,1015.47,1044,98
2025-05-16T09:45:36.903894,23.50,30.93,1015.49,1181,118
2025-05-16T09:45:38.906313,23.48,31.07,1015.48,1181,118
2025-05-16T09:45:40.909135,23.47,31.03,1015.50,927,80
2025-05-16T09:45:42.901599,23.46,31.01,1015.44,927,80
2025-05-16T09:45:44.903667,23.46,31.12,1015.52,1019,94
2025-05-16T09:45:46.915668,23.46,31.21,1015.45,1168,117
2025-05-16T09:45:48.908054,23.46,31.06,1015.43,1400,152
2025-05-16T09:45:50.907505,23.45,31.12,1015.42,1291,135
2025-05-16T09:45:52.908490,23.43,31.03,1015.42,956,84
2025-05-16T09:45:54.911138,23.44,31.23,1015.40,1231,126
2025-05-16T09:45:56.904936,23.43,31.10,1015.44,1168,117
2025-05-16T09:45:58.908964,23.43,31.18,1015.44,1307,138
2025-05-16T09:46:00.904481,23.44,31.05,1015.45,1245,128
2025-05-16T09:46:02.912881,23.46,31.15,1015.43,1122,109
2025-05-16T09:46:04.912128,23.47,31.03,1015.46,1168,117
2025-05-16T09:46:06.903609,23.46,31.05,1015.46,1110,108
2025-05-16T09:46:08.899332,23.46,31.09,1015.44,1195,121
2025-05-16T09:46:10.898081,23.47,31.07,1015.47,1277,133
2025-05-16T09:46:12.907166,23.47,31.19,1015.45,1291,135
2025-05-16T09:46:14.914758,23.46,31.03,1015.44,1245,128
2025-05-16T09:46:16.894609,23.46,31.05,1015.44,1277,133
2025-05-16T09:46:18.897322,23.48,31.01,1015.41,1181,118
2025-05-16T09:46:20.907988,23.47,31.00,1015.45,1090,105
2025-05-16T09:46:22.909910,23.45,30.98,1015.45,1231,126
2025-05-16T09:46:24.913760,23.48,30.90,1015.44,1122,109
2025-05-16T09:46:26.894596,23.46,31.03,1015.42,1245,128
2025-05-16T09:46:28.910602,23.49,30.98,1015.42,1090,105
2025-05-16T09:46:30.912838,23.46,31.02,1015.44,1147,113
2025-05-16T09:46:32.907830,23.45,30.94,1015.47,1122,109
2025-05-16T09:46:34.902849,23.46,30.97,1015.45,1147,113
2025-05-16T09:46:36.902563,23.47,30.95,1015.43,1001,91
2025-05-16T09:46:38.904850,23.41,31.10,1015.43,1125,110
2025-05-16T09:46:40.914532,23.43,31.00,1015.45,1281,134
2025-05-16T09:46:42.910161,23.44,31.01,1015.44,1012,93
2025-05-16T09:46:44.908935,23.45,30.97,1015.42,1156,115
2025-05-16T09:46:46.904640,23.48,30.88,1015.43,1001,91
2025-05-16T09:46:48.901401,23.49,30.87,1015.45,1001,91
2025-05-16T09:46:50.910891,23.49,30.93,1015.44,1044,98
2025-05-16T09:46:52.907608,23.50,30.92,1015.40,1090,105
2025-05-16T09:46:54.910454,23.49,30.91,1015.47,1081,103
2025-05-16T09:46:56.907925,23.50,31.06,1015.42,1156,115
2025-05-16T09:46:58.917876,23.51,30.84,1015.44,1012,87
2025-05-16T09:47:00.901740,23.48,30.85,1015.43,1012,93
2025-05-16T09:47:02.910489,23.48,30.91,1015.42,1099,106
2025-05-16T09:47:04.904392,23.47,30.77,1015.43,1044,98
2025-05-16T09:47:06.898076,23.48,30.90,1015.42,1081,103
2025-05-16T09:47:08.894095,23.45,30.96,1015.43,1090,105
2025-05-16T09:47:10.910888,23.45,31.01,1015.44,1090,105
2025-05-16T09:47:12.911112,23.45,30.89,1015.40,1029,95
2025-05-16T09:47:14.901150,23.47,30.88,1015.42,1184,119
2025-05-16T09:47:16.909128,23.43,31.01,1015.41,1044,98
2025-05-16T09:47:18.907177,23.44,30.98,1015.43,990,89
2025-05-16T09:47:20.900594,23.38,31.04,1015.42,1266,131
2025-05-16T09:47:22.911342,23.35,31.05,1015.41,1125,110
2025-05-16T09:47:24.907155,23.32,31.11,1015.42,1110,108
2025-05-16T09:47:26.899257,23.35,31.13,1015.42,1184,119
2025-05-16T09:47:28.911848,23.36,31.19,1015.41,1081,103
2025-05-16T09:47:30.908869,23.39,31.07,1015.39,1235,127
2025-05-16T09:47:32.909009,23.41,31.09,1015.39,1204,122
2025-05-16T09:47:34.907544,23.44,30.99,1015.42,1228,126
2025-05-16T09:47:36.910502,23.47,30.89,1015.37,1228,126
2025-05-16T09:47:38.914644,23.49,30.94,1015.41,1134,111
2025-05-16T09:47:40.907185,23.56,30.97,1015.42,1181,118
2025-05-16T09:47:42.908534,23.55,30.97,1015.40,1122,109
2025-05-16T09:47:44.906218,23.56,31.00,1015.43,1255,130
2025-05-16T09:47:46.911622,23.61,31.05,1015.41,1077,103
2025-05-16T09:47:48.900875,23.60,31.17,1015.40,1195,121
2025-05-16T09:47:50.911998,23.59,30.88,1015.39,1495,166
2025-05-16T09:47:52.906039,23.61,30.99,1015.40,1302,137
2025-05-16T09:47:54.908698,23.63,31.14,1015.42,1345,143
2025-05-16T09:47:56.906839,23.65,31.04,1015.42,1345,143
2025-05-16T09:47:58.907534,23.66,30.98,1015.44,1458,161
2025-05-16T09:48:00.900418,23.70,30.89,1015.42,1413,154
2025-05-16T09:48:02.906768,23.71,30.83,1015.39,1436,157
2025-05-16T09:48:04.908427,23.67,30.93,1015.42,1360,146
2025-05-16T09:48:06.896888,23.65,31.04,1015.39,1360,146
2025-05-16T09:48:08.903851,23.64,31.13,1015.41,1228,126
2025-05-16T09:48:10.900461,23.67,30.98,1015.41,1376,148
2025-05-16T09:48:12.905429,23.70,30.96,1015.41,1458,161
2025-05-16T09:48:14.903997,23.72,30.79,1015.39,1496,169
2025-05-16T09:48:16.900761,23.66,30.84,1015.41,1495,166
2025-05-16T09:48:18.891224,23.63,30.86,1015.42,1242,128
2025-05-16T09:48:20.897900,23.62,30.89,1015.44,1147,113
2025-05-16T09:48:22.908370,23.63,30.97,1015.44,1255,130
2025-05-16T09:48:24.905871,23.63,30.93,1015.42,1288,135
2025-05-16T09:48:26.902011,23.61,30.94,1015.39,1077,103
2025-05-16T09:48:28.911573,23.62,31.00,1015.37,1376,148
2025-05-16T09:48:30.906714,23.61,31.04,1015.39,1228,126
2025-05-16T09:48:32.901354,23.65,30.97,1015.37,1102,106
2025-05-16T09:48:34.901402,23.66,30.93,1015.36,1313,139
2025-05-16T09:48:36.907207,23.69,31.08,1015.39,1212,123
2025-05-16T09:48:38.906799,23.68,30.92,1015.35,1228,126
2025-05-16T09:48:40.907884,23.71,31.07,1015.38,1360,146
2025-05-16T09:48:42.924312,23.73,30.73,1015.36,1228,111
2025-05-16T09:48:44.912258,23.74,30.90,1015.34,1288,135
2025-05-16T09:48:46.897586,23.76,30.85,1015.37,1288,135
2025-05-16T09:48:48.898003,23.79,30.79,1015.37,1107,107
2025-05-16T09:48:50.893380,23.82,30.88,1015.39,1153,114
2025-05-16T09:48:52.906506,23.84,30.78,1015.34,1122,109
2025-05-16T09:48:54.909373,23.86,30.83,1015.38,1462,161
2025-05-16T09:48:56.911096,23.88,30.96,1015.34,1274,133
2025-05-16T09:48:58.899162,23.90,30.74,1015.37,1404,152
2025-05-16T09:49:00.905884,23.97,30.81,1015.36,1462,161
2025-05-16T09:49:02.917307,23.97,30.66,1015.37,1330,141
2025-05-16T09:49:04.902933,23.99,30.72,1015.37,1499,171
2025-05-16T09:49:06.900530,23.98,30.74,1015.37,1330,141
2025-05-16T09:49:08.902697,24.00,30.63,1015.33,1274,133
2025-05-16T09:49:10.898286,24.01,30.53,1015.37,1153,114
2025-05-16T09:49:12.896617,24.03,30.47,1015.35,1404,152
2025-05-16T09:49:14.900051,24.02,30.44,1015.35,1228,126
2025-05-16T09:49:16.901411,24.02,30.44,1015.35,1095,105
2025-05-16T09:49:18.900621,24.02,30.35,1015.35,1065,101
2025-05-16T09:49:20.902512,24.02,30.22,1015.37,1212,123
2025-05-16T09:49:22.900928,24.05,30.28,1015.34,1153,114
2025-05-16T09:49:24.905130,24.04,30.44,1015.30,1107,107
2025-05-16T09:49:26.906551,24.05,30.40,1015.37,1044,98
2025-05-16T09:49:28.895874,24.06,30.37,1015.32,1017,93
2025-05-16T09:49:30.897504,24.00,30.42,1015.35,1181,118
2025-05-16T09:49:32.899956,23.97,30.38,1015.33,1181,118
2025-05-16T09:49:34.897865,23.94,30.40,1015.37,1110,108
2025-05-16T09:49:36.897506,23.91,30.52,1015.36,1201,122
2025-05-16T09:49:38.904435,23.91,30.59,1015.40,1201,122
2025-05-16T09:49:40.902757,23.83,30.67,1015.36,1086,104
2025-05-16T09:49:42.905427,23.84,30.93,1015.35,1188,120
2025-05-16T09:49:44.904094,23.85,30.93,1015.39,997,90
2025-05-16T09:49:46.895923,23.84,30.91,1015.37,1188,120
2025-05-16T09:49:48.901417,23.85,30.76,1015.38,1235,127
2025-05-16T09:49:50.902868,23.83,30.85,1015.38,1144,113
2025-05-16T09:49:52.909863,23.83,30.75,1015.36,1156,115
2025-05-16T09:49:54.905635,23.83,30.77,1015.38,1131,111
2025-05-16T09:49:56.128536,23.83,30.85,1015.38,987,89
2025-05-16T09:49:58.135843,23.77,30.93,1015.38,1248,129
2025-05-16T09:50:00.124303,23.70,31.05,1015.37,1086,104
2025-05-16T09:50:02.127285,23.65,31.05,1015.39,1110,108
2025-05-16T09:50:04.127307,23.63,31.15,1015.40,987,89
2025-05-16T09:50:06.126639,23.63,31.06,1015.41,1188,120
2025-05-16T09:50:08.129442,23.64,31.25,1015.40,1235,127
2025-05-16T09:50:10.134351,23.64,31.00,1015.44,1235,127
2025-05-16T09:50:12.130192,23.66,31.19,1015.38,1201,122
2025-05-16T09:50:14.131177,23.66,31.26,1015.44,1110,108
2025-05-16T09:50:16.127900,23.66,31.08,1015.44,1099,106
2025-05-16T09:50:18.128034,23.67,31.08,1015.42,1099,106
2025-05-16T09:50:20.126117,23.68,31.15,1015.36,1376,148
2025-05-16T09:50:22.132342,23.69,31.31,1015.41,1288,135
2025-05-16T09:50:24.131168,23.70,31.18,1015.39,1334,142
2025-05-16T09:50:26.127004,23.72,31.06,1015.39,1445,159
2025-05-16T09:50:28.139707,23.73,31.09,1015.36,1334,142
2025-05-16T09:50:30.134572,23.70,31.12,1015.38,1188,120
2025-05-16T09:50:32.133278,23.71,31.21,1015.33,1201,122
2025-05-16T09:50:34.135393,23.71,31.30,1015.33,1004,92
2025-05-16T09:50:36.136245,23.70,31.11,1015.35,1159,115
2025-05-16T09:50:38.134911,23.70,31.15,1015.35,1159,115
2025-05-16T09:50:40.133759,23.70,31.35,1015.39,1235,127
2025-05-16T09:50:42.131139,23.68,31.35,1015.33,1274,133
2025-05-16T09:50:44.137076,23.67,31.42,1015.33,1259,130
2025-05-16T09:50:46.138492,23.68,31.48,1015.34,1174,117
2025-05-16T09:50:48.132148,23.68,31.15,1015.34,1274,133
2025-05-16T09:50:50.125944,23.69,31.37,1015.34,1380,149
